         Index            Ts             t            HF        Weight            Tr
           [#]          [°C]           [s]          [mW]          [mg]          [°C]
             0   7.76759e+01   0.00000e+00   6.28401e+00   1.24495e+01   8.00000e+01
             1   7.77423e+01   1.00000e+00   6.39154e+00   1.24491e+01   8.01667e+01
             2   7.78177e+01   2.00000e+00   6.80394e+00   1.24488e+01   8.03333e+01
             3   7.79052e+01   3.00000e+00   7.48642e+00   1.24486e+01   8.05000e+01
             4   7.79951e+01   4.00000e+00   8.29947e+00   1.24486e+01   8.06667e+01
             5   7.81080e+01   5.00000e+00   9.05860e+00   1.24491e+01   8.08333e+01
             6   7.82346e+01   6.00000e+00   9.72485e+00   1.24499e+01   8.10000e+01
             7   7.83687e+01   7.00000e+00   1.03260e+01   1.24504e+01   8.11667e+01
             8   7.85064e+01   8.00000e+00   1.07203e+01   1.24535e+01   8.13333e+01
             9   7.86420e+01   9.00000e+00   1.10534e+01   1.24566e+01   8.15000e+01
            10   7.87867e+01   1.00000e+01   1.13488e+01   1.24620e+01   8.16667e+01
            11   7.89367e+01   1.10000e+01   1.16038e+01   1.24681e+01   8.18333e+01
            12   7.90900e+01   1.20000e+01   1.17516e+01   1.24748e+01   8.20000e+01
            13   7.92418e+01   1.30000e+01   1.19173e+01   1.24808e+01   8.21667e+01
            14   7.94090e+01   1.40000e+01   1.20600e+01   1.24867e+01   8.23333e+01
            15   7.95554e+01   1.50000e+01   1.21809e+01   1.24926e+01   8.25000e+01
            16   7.97203e+01   1.60000e+01   1.22287e+01   1.24980e+01   8.26667e+01
            17   7.98769e+01   1.70000e+01   1.22944e+01   1.25030e+01   8.28333e+01
            18   8.00360e+01   1.80000e+01   1.23500e+01   1.25076e+01   8.30000e+01
            19   8.02037e+01   1.90000e+01   1.24077e+01   1.25120e+01   8.31667e+01
            20   8.03886e+01   2.00000e+01   1.24025e+01   1.25148e+01   8.33333e+01
            21   8.05549e+01   2.10000e+01   1.24227e+01   1.25179e+01   8.35000e+01
            22   8.07346e+01   2.20000e+01   1.24525e+01   1.25207e+01   8.36667e+01
            23   8.09037e+01   2.30000e+01   1.24915e+01   1.25234e+01   8.38333e+01
            24   8.10679e+01   2.40000e+01   1.25119e+01   1.25247e+01   8.40000e+01
            25   8.12465e+01   2.50000e+01   1.25394e+01   1.25264e+01   8.41667e+01
            26   8.14190e+01   2.60000e+01   1.25671e+01   1.25280e+01   8.43333e+01
            27   8.15963e+01   2.70000e+01   1.25947e+01   1.25295e+01   8.45000e+01
            28   8.17708e+01   2.80000e+01   1.26127e+01   1.25302e+01   8.46667e+01
            29   8.19448e+01   2.90000e+01   1.26333e+01   1.25311e+01   8.48333e+01
            30   8.21136e+01   3.00000e+01   1.26563e+01   1.25319e+01   8.50000e+01
            31   8.22997e+01   3.10000e+01   1.26795e+01   1.25327e+01   8.51667e+01
            32   8.24645e+01   3.20000e+01   1.26998e+01   1.25330e+01   8.53333e+01
            33   8.26387e+01   3.30000e+01   1.27213e+01   1.25334e+01   8.55000e+01
            34   8.28265e+01   3.40000e+01   1.27430e+01   1.25337e+01   8.56667e+01
            35   8.29960e+01   3.50000e+01   1.27641e+01   1.25340e+01   8.58333e+01
            36   8.31738e+01   3.60000e+01   1.27843e+01   1.25341e+01   8.60000e+01
            37   8.33606e+01   3.70000e+01   1.28073e+01   1.25343e+01   8.61667e+01
            38   8.35248e+01   3.80000e+01   1.28311e+01   1.25345e+01   8.63333e+01
            39   8.37024e+01   3.90000e+01   1.28552e+01   1.25347e+01   8.65000e+01
            40   8.38873e+01   4.00000e+01   1.28815e+01   1.25350e+01   8.66667e+01
            41   8.40608e+01   4.10000e+01   1.29074e+01   1.25352e+01   8.68333e+01
            42   8.42528e+01   4.20000e+01   1.29334e+01   1.25355e+01   8.70000e+01
            43   8.44314e+01   4.30000e+01   1.29591e+01   1.25358e+01   8.71667e+01
            44   8.46033e+01   4.40000e+01   1.29895e+01   1.25362e+01   8.73333e+01
            45   8.47732e+01   4.50000e+01   1.30190e+01   1.25365e+01   8.75000e+01
            46   8.49507e+01   4.60000e+01   1.30492e+01   1.25368e+01   8.76667e+01
            47   8.51250e+01   4.70000e+01   1.30794e+01   1.25371e+01   8.78333e+01
            48   8.52997e+01   4.80000e+01   1.31120e+01   1.25374e+01   8.80000e+01
            49   8.54865e+01   4.90000e+01   1.31421e+01   1.25377e+01   8.81667e+01
            50   8.56585e+01   5.00000e+01   1.31720e+01   1.25379e+01   8.83333e+01
            51   8.58320e+01   5.10000e+01   1.32024e+01   1.25380e+01   8.85000e+01
            52   8.60138e+01   5.20000e+01   1.32336e+01   1.25381e+01   8.86667e+01
            53   8.61957e+01   5.30000e+01   1.32641e+01   1.25382e+01   8.88333e+01
            54   8.63875e+01   5.40000e+01   1.32948e+01   1.25383e+01   8.90000e+01
            55   8.65622e+01   5.50000e+01   1.33262e+01   1.25385e+01   8.91667e+01
            56   8.67355e+01   5.60000e+01   1.33582e+01   1.25386e+01   8.93333e+01
            57   8.69145e+01   5.70000e+01   1.33903e+01   1.25388e+01   8.95000e+01
            58   8.70846e+01   5.80000e+01   1.34235e+01   1.25391e+01   8.96667e+01
            59   8.72771e+01   5.90000e+01   1.34568e+01   1.25393e+01   8.98333e+01
            60   8.74461e+01   6.00000e+01   1.34939e+01   1.25395e+01   9.00000e+01
            61   8.76280e+01   6.10000e+01   1.35288e+01   1.25397e+01   9.01667e+01
            62   8.78093e+01   6.20000e+01   1.35636e+01   1.25399e+01   9.03333e+01
            63   8.79875e+01   6.30000e+01   1.35987e+01   1.25400e+01   9.05000e+01
            64   8.81557e+01   6.40000e+01   1.36356e+01   1.25401e+01   9.06667e+01
            65   8.83281e+01   6.50000e+01   1.36707e+01   1.25402e+01   9.08333e+01
            66   8.85106e+01   6.60000e+01   1.37065e+01   1.25404e+01   9.10000e+01
            67   8.86934e+01   6.70000e+01   1.37426e+01   1.25405e+01   9.11667e+01
            68   8.88757e+01   6.80000e+01   1.37815e+01   1.25406e+01   9.13333e+01
            69   8.90459e+01   6.90000e+01   1.38192e+01   1.25408e+01   9.15000e+01
            70   8.92277e+01   7.00000e+01   1.38565e+01   1.25409e+01   9.16667e+01
            71   8.94100e+01   7.10000e+01   1.38940e+01   1.25411e+01   9.18333e+01
            72   8.95867e+01   7.20000e+01   1.39306e+01   1.25412e+01   9.20000e+01
            73   8.97622e+01   7.30000e+01   1.39675e+01   1.25414e+01   9.21667e+01
            74   8.99335e+01   7.40000e+01   1.40044e+01   1.25416e+01   9.23333e+01
            75   9.01140e+01   7.50000e+01   1.40415e+01   1.25417e+01   9.25000e+01
            76   9.02936e+01   7.60000e+01   1.40833e+01   1.25420e+01   9.26667e+01
            77   9.04724e+01   7.70000e+01   1.41222e+01   1.25422e+01   9.28333e+01
            78   9.06465e+01   7.80000e+01   1.41599e+01   1.25424e+01   9.30000e+01
            79   9.08164e+01   7.90000e+01   1.41985e+01   1.25426e+01   9.31667e+01
            80   9.09961e+01   8.00000e+01   1.42364e+01   1.25427e+01   9.33333e+01
            81   9.11787e+01   8.10000e+01   1.42741e+01   1.25429e+01   9.35000e+01
            82   9.13590e+01   8.20000e+01   1.43116e+01   1.25431e+01   9.36667e+01
            83   9.15238e+01   8.30000e+01   1.43486e+01   1.25433e+01   9.38333e+01
            84   9.16970e+01   8.40000e+01   1.43885e+01   1.25435e+01   9.40000e+01
            85   9.18813e+01   8.50000e+01   1.44262e+01   1.25437e+01   9.41667e+01
            86   9.20625e+01   8.60000e+01   1.44633e+01   1.25439e+01   9.43333e+01
            87   9.22347e+01   8.70000e+01   1.45012e+01   1.25441e+01   9.45000e+01
            88   9.24170e+01   8.80000e+01   1.45372e+01   1.25444e+01   9.46667e+01
            89   9.25967e+01   8.90000e+01   1.45731e+01   1.25446e+01   9.48333e+01
            90   9.27662e+01   9.00000e+01   1.46089e+01   1.25448e+01   9.50000e+01
            91   9.29345e+01   9.10000e+01   1.46445e+01   1.25451e+01   9.51667e+01
            92   9.31172e+01   9.20000e+01   1.46784e+01   1.25453e+01   9.53333e+01
            93   9.32928e+01   9.30000e+01   1.47137e+01   1.25455e+01   9.55000e+01
            94   9.34659e+01   9.40000e+01   1.47494e+01   1.25458e+01   9.56667e+01
            95   9.36473e+01   9.50000e+01   1.47864e+01   1.25460e+01   9.58333e+01
            96   9.38243e+01   9.60000e+01   1.48217e+01   1.25463e+01   9.60000e+01
            97   9.40062e+01   9.70000e+01   1.48581e+01   1.25465e+01   9.61667e+01
            98   9.41817e+01   9.80000e+01   1.48942e+01   1.25467e+01   9.63333e+01
            99   9.43503e+01   9.90000e+01   1.49299e+01   1.25468e+01   9.65000e+01
           100   9.45340e+01   1.00000e+02   1.49661e+01   1.25469e+01   9.66667e+01
           101   9.47162e+01   1.01000e+02   1.50031e+01   1.25470e+01   9.68333e+01
           102   9.48844e+01   1.02000e+02   1.50405e+01   1.25471e+01   9.70000e+01
           103   9.50605e+01   1.03000e+02   1.50778e+01   1.25472e+01   9.71667e+01
           104   9.52288e+01   1.04000e+02   1.51159e+01   1.25472e+01   9.73333e+01
           105   9.54023e+01   1.05000e+02   1.51523e+01   1.25472e+01   9.75000e+01
           106   9.55713e+01   1.06000e+02   1.51902e+01   1.25472e+01   9.76667e+01
           107   9.57600e+01   1.07000e+02   1.52280e+01   1.25472e+01   9.78333e+01
           108   9.59262e+01   1.08000e+02   1.52642e+01   1.25472e+01   9.80000e+01
           109   9.60987e+01   1.09000e+02   1.53001e+01   1.25473e+01   9.81667e+01
           110   9.62791e+01   1.10000e+02   1.53371e+01   1.25473e+01   9.83333e+01
           111   9.64466e+01   1.11000e+02   1.53762e+01   1.25474e+01   9.85000e+01
           112   9.66271e+01   1.12000e+02   1.54153e+01   1.25475e+01   9.86667e+01
           113   9.68067e+01   1.13000e+02   1.54535e+01   1.25476e+01   9.88333e+01
           114   9.69865e+01   1.14000e+02   1.54911e+01   1.25477e+01   9.90000e+01
           115   9.71542e+01   1.15000e+02   1.55303e+01   1.25479e+01   9.91667e+01
           116   9.73311e+01   1.16000e+02   1.55727e+01   1.25481e+01   9.93333e+01
           117   9.75028e+01   1.17000e+02   1.56132e+01   1.25483e+01   9.95000e+01
           118   9.76764e+01   1.18000e+02   1.56519e+01   1.25485e+01   9.96667e+01
           119   9.78579e+01   1.19000e+02   1.56900e+01   1.25487e+01   9.98333e+01
           120   9.80378e+01   1.20000e+02   1.57337e+01   1.25490e+01   1.00000e+02
           121   9.82050e+01   1.21000e+02   1.57748e+01   1.25492e+01   1.00167e+02
           122   9.83725e+01   1.22000e+02   1.58151e+01   1.25494e+01   1.00333e+02
           123   9.85524e+01   1.23000e+02   1.58538e+01   1.25497e+01   1.00500e+02
           124   9.87257e+01   1.24000e+02   1.58943e+01   1.25500e+01   1.00667e+02
           125   9.88979e+01   1.25000e+02   1.59346e+01   1.25502e+01   1.00833e+02
           126   9.90717e+01   1.26000e+02   1.59747e+01   1.25505e+01   1.01000e+02
           127   9.92476e+01   1.27000e+02   1.60149e+01   1.25507e+01   1.01167e+02
           128   9.94199e+01   1.28000e+02   1.60546e+01   1.25508e+01   1.01333e+02
           129   9.95913e+01   1.29000e+02   1.60962e+01   1.25510e+01   1.01500e+02
           130   9.97744e+01   1.30000e+02   1.61381e+01   1.25511e+01   1.01667e+02
           131   9.99400e+01   1.31000e+02   1.61807e+01   1.25512e+01   1.01833e+02
           132   1.00119e+02   1.32000e+02   1.62225e+01   1.25513e+01   1.02000e+02
           133   1.00303e+02   1.33000e+02   1.62639e+01   1.25514e+01   1.02167e+02
           134   1.00467e+02   1.34000e+02   1.63061e+01   1.25516e+01   1.02333e+02
           135   1.00641e+02   1.35000e+02   1.63480e+01   1.25517e+01   1.02500e+02
           136   1.00820e+02   1.36000e+02   1.63922e+01   1.25519e+01   1.02667e+02
           137   1.00998e+02   1.37000e+02   1.64334e+01   1.25521e+01   1.02833e+02
           138   1.01172e+02   1.38000e+02   1.64755e+01   1.25523e+01   1.03000e+02
           139   1.01340e+02   1.39000e+02   1.65174e+01   1.25525e+01   1.03167e+02
           140   1.01517e+02   1.40000e+02   1.65587e+01   1.25527e+01   1.03333e+02
           141   1.01680e+02   1.41000e+02   1.66008e+01   1.25529e+01   1.03500e+02
           142   1.01863e+02   1.42000e+02   1.66429e+01   1.25532e+01   1.03667e+02
           143   1.02029e+02   1.43000e+02   1.66865e+01   1.25534e+01   1.03833e+02
           144   1.02202e+02   1.44000e+02   1.67257e+01   1.25536e+01   1.04000e+02
           145   1.02373e+02   1.45000e+02   1.67671e+01   1.25539e+01   1.04167e+02
           146   1.02564e+02   1.46000e+02   1.68094e+01   1.25541e+01   1.04333e+02
           147   1.02733e+02   1.47000e+02   1.68523e+01   1.25544e+01   1.04500e+02
           148   1.02907e+02   1.48000e+02   1.68973e+01   1.25546e+01   1.04667e+02
           149   1.03071e+02   1.49000e+02   1.69410e+01   1.25547e+01   1.04833e+02
           150   1.03252e+02   1.50000e+02   1.69839e+01   1.25549e+01   1.05000e+02
           151   1.03420e+02   1.51000e+02   1.70255e+01   1.25551e+01   1.05167e+02
           152   1.03599e+02   1.52000e+02   1.70669e+01   1.25553e+01   1.05333e+02
           153   1.03767e+02   1.53000e+02   1.71082e+01   1.25555e+01   1.05500e+02
           154   1.03931e+02   1.54000e+02   1.71484e+01   1.25556e+01   1.05667e+02
           155   1.04120e+02   1.55000e+02   1.71891e+01   1.25558e+01   1.05833e+02
           156   1.04295e+02   1.56000e+02   1.72315e+01   1.25559e+01   1.06000e+02
           157   1.04459e+02   1.57000e+02   1.72738e+01   1.25560e+01   1.06167e+02
           158   1.04637e+02   1.58000e+02   1.73157e+01   1.25561e+01   1.06333e+02
           159   1.04812e+02   1.59000e+02   1.73566e+01   1.25562e+01   1.06500e+02
           160   1.04984e+02   1.60000e+02   1.73952e+01   1.25562e+01   1.06667e+02
           161   1.05157e+02   1.61000e+02   1.74360e+01   1.25563e+01   1.06833e+02
           162   1.05331e+02   1.62000e+02   1.74784e+01   1.25565e+01   1.07000e+02
           163   1.05499e+02   1.63000e+02   1.75223e+01   1.25566e+01   1.07167e+02
           164   1.05668e+02   1.64000e+02   1.75678e+01   1.25568e+01   1.07333e+02
           165   1.05850e+02   1.65000e+02   1.76100e+01   1.25569e+01   1.07500e+02
           166   1.06026e+02   1.66000e+02   1.76541e+01   1.25571e+01   1.07667e+02
           167   1.06196e+02   1.67000e+02   1.76988e+01   1.25573e+01   1.07833e+02
           168   1.06369e+02   1.68000e+02   1.77423e+01   1.25576e+01   1.08000e+02
           169   1.06538e+02   1.69000e+02   1.77863e+01   1.25579e+01   1.08167e+02
           170   1.06713e+02   1.70000e+02   1.78297e+01   1.25581e+01   1.08333e+02
           171   1.06889e+02   1.71000e+02   1.78730e+01   1.25584e+01   1.08500e+02
           172   1.07061e+02   1.72000e+02   1.79192e+01   1.25586e+01   1.08667e+02
           173   1.07244e+02   1.73000e+02   1.79645e+01   1.25588e+01   1.08833e+02
           174   1.07409e+02   1.74000e+02   1.80087e+01   1.25590e+01   1.09000e+02
           175   1.07588e+02   1.75000e+02   1.80522e+01   1.25591e+01   1.09167e+02
           176   1.07761e+02   1.76000e+02   1.80948e+01   1.25592e+01   1.09333e+02
           177   1.07944e+02   1.77000e+02   1.81371e+01   1.25594e+01   1.09500e+02
           178   1.08111e+02   1.78000e+02   1.81796e+01   1.25595e+01   1.09667e+02
           179   1.08282e+02   1.79000e+02   1.82227e+01   1.25597e+01   1.09833e+02
           180   1.08454e+02   1.80000e+02   1.82631e+01   1.25599e+01   1.10000e+02
           181   1.08633e+02   1.81000e+02   1.83049e+01   1.25601e+01   1.10167e+02
           182   1.08802e+02   1.82000e+02   1.83485e+01   1.25603e+01   1.10333e+02
           183   1.08966e+02   1.83000e+02   1.83921e+01   1.25605e+01   1.10500e+02
           184   1.09133e+02   1.84000e+02   1.84334e+01   1.25607e+01   1.10667e+02
           185   1.09316e+02   1.85000e+02   1.84763e+01   1.25609e+01   1.10833e+02
           186   1.09493e+02   1.86000e+02   1.85178e+01   1.25612e+01   1.11000e+02
           187   1.09669e+02   1.87000e+02   1.85593e+01   1.25614e+01   1.11167e+02
           188   1.09832e+02   1.88000e+02   1.86022e+01   1.25616e+01   1.11333e+02
           189   1.10003e+02   1.89000e+02   1.86440e+01   1.25618e+01   1.11500e+02
           190   1.10175e+02   1.90000e+02   1.86852e+01   1.25619e+01   1.11667e+02
           191   1.10351e+02   1.91000e+02   1.87267e+01   1.25621e+01   1.11833e+02
           192   1.10530e+02   1.92000e+02   1.87653e+01   1.25623e+01   1.12000e+02
           193   1.10694e+02   1.93000e+02   1.88057e+01   1.25624e+01   1.12167e+02
           194   1.10874e+02   1.94000e+02   1.88461e+01   1.25626e+01   1.12333e+02
           195   1.11030e+02   1.95000e+02   1.88864e+01   1.25627e+01   1.12500e+02
           196   1.11205e+02   1.96000e+02   1.89255e+01   1.25629e+01   1.12667e+02
           197   1.11376e+02   1.97000e+02   1.89662e+01   1.25631e+01   1.12833e+02
           198   1.11553e+02   1.98000e+02   1.90070e+01   1.25634e+01   1.13000e+02
           199   1.11725e+02   1.99000e+02   1.90471e+01   1.25637e+01   1.13167e+02
           200   1.11910e+02   2.00000e+02   1.90892e+01   1.25640e+01   1.13333e+02
           201   1.12089e+02   2.01000e+02   1.91305e+01   1.25642e+01   1.13500e+02
           202   1.12263e+02   2.02000e+02   1.91724e+01   1.25645e+01   1.13667e+02
           203   1.12430e+02   2.03000e+02   1.92141e+01   1.25647e+01   1.13833e+02
           204   1.12600e+02   2.04000e+02   1.92581e+01   1.25649e+01   1.14000e+02
           205   1.12786e+02   2.05000e+02   1.93008e+01   1.25652e+01   1.14167e+02
           206   1.12951e+02   2.06000e+02   1.93427e+01   1.25655e+01   1.14333e+02
           207   1.13121e+02   2.07000e+02   1.93845e+01   1.25658e+01   1.14500e+02
           208   1.13293e+02   2.08000e+02   1.94268e+01   1.25661e+01   1.14667e+02
           209   1.13470e+02   2.09000e+02   1.94687e+01   1.25664e+01   1.14833e+02
           210   1.13641e+02   2.10000e+02   1.95093e+01   1.25666e+01   1.15000e+02
           211   1.13813e+02   2.11000e+02   1.95497e+01   1.25668e+01   1.15167e+02
           212   1.13990e+02   2.12000e+02   1.95912e+01   1.25669e+01   1.15333e+02
           213   1.14160e+02   2.13000e+02   1.96323e+01   1.25670e+01   1.15500e+02
           214   1.14325e+02   2.14000e+02   1.96731e+01   1.25671e+01   1.15667e+02
           215   1.14513e+02   2.15000e+02   1.97135e+01   1.25672e+01   1.15833e+02
           216   1.14683e+02   2.16000e+02   1.97519e+01   1.25672e+01   1.16000e+02
           217   1.14855e+02   2.17000e+02   1.97921e+01   1.25672e+01   1.16167e+02
           218   1.15027e+02   2.18000e+02   1.98335e+01   1.25672e+01   1.16333e+02
           219   1.15195e+02   2.19000e+02   1.98757e+01   1.25673e+01   1.16500e+02
           220   1.15367e+02   2.20000e+02   1.99170e+01   1.25674e+01   1.16667e+02
           221   1.15536e+02   2.21000e+02   1.99587e+01   1.25676e+01   1.16833e+02
           222   1.15707e+02   2.22000e+02   2.00001e+01   1.25679e+01   1.17000e+02
           223   1.15877e+02   2.23000e+02   2.00418e+01   1.25681e+01   1.17167e+02
           224   1.16047e+02   2.24000e+02   2.00838e+01   1.25684e+01   1.17333e+02
           225   1.16209e+02   2.25000e+02   2.01248e+01   1.25687e+01   1.17500e+02
           226   1.16396e+02   2.26000e+02   2.01649e+01   1.25688e+01   1.17667e+02
           227   1.16563e+02   2.27000e+02   2.02048e+01   1.25690e+01   1.17833e+02
           228   1.16751e+02   2.28000e+02   2.02477e+01   1.25691e+01   1.18000e+02
           229   1.16915e+02   2.29000e+02   2.02894e+01   1.25693e+01   1.18167e+02
           230   1.17089e+02   2.30000e+02   2.03303e+01   1.25695e+01   1.18333e+02
           231   1.17273e+02   2.31000e+02   2.03702e+01   1.25698e+01   1.18500e+02
           232   1.17441e+02   2.32000e+02   2.04096e+01   1.25701e+01   1.18667e+02
           233   1.17614e+02   2.33000e+02   2.04504e+01   1.25703e+01   1.18833e+02
           234   1.17785e+02   2.34000e+02   2.04921e+01   1.25706e+01   1.19000e+02
           235   1.17952e+02   2.35000e+02   2.05340e+01   1.25708e+01   1.19167e+02
           236   1.18119e+02   2.36000e+02   2.05760e+01   1.25709e+01   1.19333e+02
           237   1.18299e+02   2.37000e+02   2.06171e+01   1.25711e+01   1.19500e+02
           238   1.18474e+02   2.38000e+02   2.06571e+01   1.25713e+01   1.19667e+02
           239   1.18640e+02   2.39000e+02   2.06964e+01   1.25715e+01   1.19833e+02
           240   1.18816e+02   2.40000e+02   2.07384e+01   1.25718e+01   1.20000e+02
           241   1.18986e+02   2.41000e+02   2.07793e+01   1.25722e+01   1.20167e+02
           242   1.19155e+02   2.42000e+02   2.08198e+01   1.25725e+01   1.20333e+02
           243   1.19330e+02   2.43000e+02   2.08611e+01   1.25728e+01   1.20500e+02
           244   1.19505e+02   2.44000e+02   2.09023e+01   1.25732e+01   1.20667e+02
           245   1.19669e+02   2.45000e+02   2.09433e+01   1.25734e+01   1.20833e+02
           246   1.19836e+02   2.46000e+02   2.09839e+01   1.25735e+01   1.21000e+02
           247   1.20020e+02   2.47000e+02   2.10232e+01   1.25736e+01   1.21167e+02
           248   1.20186e+02   2.48000e+02   2.10625e+01   1.25735e+01   1.21333e+02
           249   1.20357e+02   2.49000e+02   2.11030e+01   1.25737e+01   1.21500e+02
           250   1.20540e+02   2.50000e+02   2.11446e+01   1.25739e+01   1.21667e+02
           251   1.20711e+02   2.51000e+02   2.11873e+01   1.25740e+01   1.21833e+02
           252   1.20870e+02   2.52000e+02   2.12287e+01   1.25744e+01   1.22000e+02
           253   1.21042e+02   2.53000e+02   2.12686e+01   1.25745e+01   1.22167e+02
           254   1.21213e+02   2.54000e+02   2.13073e+01   1.25746e+01   1.22333e+02
           255   1.21387e+02   2.55000e+02   2.13457e+01   1.25746e+01   1.22500e+02
           256   1.21562e+02   2.56000e+02   2.13831e+01   1.25744e+01   1.22667e+02
           257   1.21733e+02   2.57000e+02   2.14235e+01   1.25743e+01   1.22833e+02
           258   1.21908e+02   2.58000e+02   2.14630e+01   1.25742e+01   1.23000e+02
           259   1.22089e+02   2.59000e+02   2.15025e+01   1.25743e+01   1.23167e+02
           260   1.22251e+02   2.60000e+02   2.15431e+01   1.25744e+01   1.23333e+02
           261   1.22424e+02   2.61000e+02   2.15822e+01   1.25747e+01   1.23500e+02
           262   1.22594e+02   2.62000e+02   2.16210e+01   1.25750e+01   1.23667e+02
           263   1.22761e+02   2.63000e+02   2.16591e+01   1.25753e+01   1.23833e+02
           264   1.22932e+02   2.64000e+02   2.16952e+01   1.25758e+01   1.24000e+02
           265   1.23096e+02   2.65000e+02   2.17327e+01   1.25761e+01   1.24167e+02
           266   1.23279e+02   2.66000e+02   2.17717e+01   1.25763e+01   1.24333e+02
           267   1.23453e+02   2.67000e+02   2.18118e+01   1.25765e+01   1.24500e+02
           268   1.23624e+02   2.68000e+02   2.18520e+01   1.25764e+01   1.24667e+02
           269   1.23795e+02   2.69000e+02   2.18920e+01   1.25764e+01   1.24833e+02
           270   1.23960e+02   2.70000e+02   2.19317e+01   1.25765e+01   1.25000e+02
           271   1.24128e+02   2.71000e+02   2.19708e+01   1.25767e+01   1.25167e+02
           272   1.24306e+02   2.72000e+02   2.20117e+01   1.25770e+01   1.25333e+02
           273   1.24472e+02   2.73000e+02   2.20514e+01   1.25773e+01   1.25500e+02
           274   1.24654e+02   2.74000e+02   2.20904e+01   1.25776e+01   1.25667e+02
           275   1.24830e+02   2.75000e+02   2.21292e+01   1.25779e+01   1.25833e+02
           276   1.25005e+02   2.76000e+02   2.21748e+01   1.25783e+01   1.26000e+02
           277   1.25165e+02   2.77000e+02   2.22172e+01   1.25785e+01   1.26167e+02
           278   1.25339e+02   2.78000e+02   2.22579e+01   1.25786e+01   1.26333e+02
           279   1.25511e+02   2.79000e+02   2.22995e+01   1.25787e+01   1.26500e+02
           280   1.25686e+02   2.80000e+02   2.23380e+01   1.25786e+01   1.26667e+02
           281   1.25856e+02   2.81000e+02   2.23772e+01   1.25787e+01   1.26833e+02
           282   1.26032e+02   2.82000e+02   2.24169e+01   1.25790e+01   1.27000e+02
           283   1.26217e+02   2.83000e+02   2.24571e+01   1.25793e+01   1.27167e+02
           284   1.26378e+02   2.84000e+02   2.24980e+01   1.25799e+01   1.27333e+02
           285   1.26555e+02   2.85000e+02   2.25382e+01   1.25803e+01   1.27500e+02
           286   1.26719e+02   2.86000e+02   2.25782e+01   1.25807e+01   1.27667e+02
           287   1.26897e+02   2.87000e+02   2.26180e+01   1.25810e+01   1.27833e+02
           288   1.27069e+02   2.88000e+02   2.26567e+01   1.25812e+01   1.28000e+02
           289   1.27241e+02   2.89000e+02   2.26955e+01   1.25813e+01   1.28167e+02
           290   1.27412e+02   2.90000e+02   2.27346e+01   1.25814e+01   1.28333e+02
           291   1.27578e+02   2.91000e+02   2.27730e+01   1.25813e+01   1.28500e+02
           292   1.27759e+02   2.92000e+02   2.28123e+01   1.25810e+01   1.28667e+02
           293   1.27928e+02   2.93000e+02   2.28514e+01   1.25808e+01   1.28833e+02
           294   1.28104e+02   2.94000e+02   2.28887e+01   1.25808e+01   1.29000e+02
           295   1.28274e+02   2.95000e+02   2.29252e+01   1.25809e+01   1.29167e+02
           296   1.28441e+02   2.96000e+02   2.29639e+01   1.25813e+01   1.29333e+02
           297   1.28613e+02   2.97000e+02   2.30036e+01   1.25816e+01   1.29500e+02
           298   1.28781e+02   2.98000e+02   2.30427e+01   1.25820e+01   1.29667e+02
           299   1.28953e+02   2.99000e+02   2.30819e+01   1.25825e+01   1.29833e+02
           300   1.29121e+02   3.00000e+02   2.31189e+01   1.25832e+01   1.30000e+02
           301   1.29306e+02   3.01000e+02   2.31572e+01   1.25836e+01   1.30167e+02
           302   1.29477e+02   3.02000e+02   2.31961e+01   1.25839e+01   1.30333e+02
           303   1.29651e+02   3.03000e+02   2.32343e+01   1.25841e+01   1.30500e+02
           304   1.29828e+02   3.04000e+02   2.32718e+01   1.25840e+01   1.30667e+02
           305   1.29987e+02   3.05000e+02   2.33091e+01   1.25840e+01   1.30833e+02
           306   1.30160e+02   3.06000e+02   2.33459e+01   1.25839e+01   1.31000e+02
           307   1.30325e+02   3.07000e+02   2.33829e+01   1.25838e+01   1.31167e+02
           308   1.30513e+02   3.08000e+02   2.34209e+01   1.25837e+01   1.31333e+02
           309   1.30686e+02   3.09000e+02   2.34591e+01   1.25837e+01   1.31500e+02
           310   1.30846e+02   3.10000e+02   2.34977e+01   1.25838e+01   1.31667e+02
           311   1.31014e+02   3.11000e+02   2.35359e+01   1.25840e+01   1.31833e+02
           312   1.31190e+02   3.12000e+02   2.35725e+01   1.25846e+01   1.32000e+02
           313   1.31361e+02   3.13000e+02   2.36105e+01   1.25850e+01   1.32167e+02
           314   1.31528e+02   3.14000e+02   2.36496e+01   1.25854e+01   1.32333e+02
           315   1.31711e+02   3.15000e+02   2.36881e+01   1.25858e+01   1.32500e+02
           316   1.31876e+02   3.16000e+02   2.37290e+01   1.25862e+01   1.32667e+02
           317   1.32045e+02   3.17000e+02   2.37679e+01   1.25865e+01   1.32833e+02
           318   1.32213e+02   3.18000e+02   2.38062e+01   1.25866e+01   1.33000e+02
           319   1.32386e+02   3.19000e+02   2.38448e+01   1.25866e+01   1.33167e+02
           320   1.32567e+02   3.20000e+02   2.38820e+01   1.25863e+01   1.33333e+02
           321   1.32736e+02   3.21000e+02   2.39200e+01   1.25861e+01   1.33500e+02
           322   1.32911e+02   3.22000e+02   2.39578e+01   1.25860e+01   1.33667e+02
           323   1.33072e+02   3.23000e+02   2.39951e+01   1.25859e+01   1.33833e+02
           324   1.33252e+02   3.24000e+02   2.40318e+01   1.25858e+01   1.34000e+02
           325   1.33422e+02   3.25000e+02   2.40684e+01   1.25859e+01   1.34167e+02
           326   1.33587e+02   3.26000e+02   2.41060e+01   1.25861e+01   1.34333e+02
           327   1.33767e+02   3.27000e+02   2.41440e+01   1.25864e+01   1.34500e+02
           328   1.33937e+02   3.28000e+02   2.41810e+01   1.25871e+01   1.34667e+02
           329   1.34100e+02   3.29000e+02   2.42182e+01   1.25877e+01   1.34833e+02
           330   1.34275e+02   3.30000e+02   2.42560e+01   1.25882e+01   1.35000e+02
           331   1.34444e+02   3.31000e+02   2.42938e+01   1.25886e+01   1.35167e+02
           332   1.34628e+02   3.32000e+02   2.43291e+01   1.25891e+01   1.35333e+02
           333   1.34786e+02   3.33000e+02   2.43647e+01   1.25894e+01   1.35500e+02
           334   1.34954e+02   3.34000e+02   2.44009e+01   1.25897e+01   1.35667e+02
           335   1.35128e+02   3.35000e+02   2.44380e+01   1.25898e+01   1.35833e+02
           336   1.35302e+02   3.36000e+02   2.44743e+01   1.25895e+01   1.36000e+02
           337   1.35472e+02   3.37000e+02   2.45111e+01   1.25894e+01   1.36167e+02
           338   1.35652e+02   3.38000e+02   2.45486e+01   1.25892e+01   1.36333e+02
           339   1.35821e+02   3.39000e+02   2.45867e+01   1.25891e+01   1.36500e+02
           340   1.35989e+02   3.40000e+02   2.46231e+01   1.25888e+01   1.36667e+02
           341   1.36161e+02   3.41000e+02   2.46612e+01   1.25886e+01   1.36833e+02
           342   1.36333e+02   3.42000e+02   2.47006e+01   1.25885e+01   1.37000e+02
           343   1.36500e+02   3.43000e+02   2.47395e+01   1.25886e+01   1.37167e+02
           344   1.36675e+02   3.44000e+02   2.47797e+01   1.25889e+01   1.37333e+02
           345   1.36846e+02   3.45000e+02   2.48184e+01   1.25893e+01   1.37500e+02
           346   1.37025e+02   3.46000e+02   2.48562e+01   1.25898e+01   1.37667e+02
           347   1.37198e+02   3.47000e+02   2.48928e+01   1.25903e+01   1.37833e+02
           348   1.37366e+02   3.48000e+02   2.49331e+01   1.25913e+01   1.38000e+02
           349   1.37544e+02   3.49000e+02   2.49723e+01   1.25921e+01   1.38167e+02
           350   1.37702e+02   3.50000e+02   2.50102e+01   1.25929e+01   1.38333e+02
           351   1.37874e+02   3.51000e+02   2.50473e+01   1.25936e+01   1.38500e+02
           352   1.38048e+02   3.52000e+02   2.50819e+01   1.25942e+01   1.38667e+02
           353   1.38216e+02   3.53000e+02   2.51186e+01   1.25946e+01   1.38833e+02
           354   1.38391e+02   3.54000e+02   2.51547e+01   1.25948e+01   1.39000e+02
           355   1.38558e+02   3.55000e+02   2.51898e+01   1.25950e+01   1.39167e+02
           356   1.38739e+02   3.56000e+02   2.52259e+01   1.25945e+01   1.39333e+02
           357   1.38906e+02   3.57000e+02   2.52620e+01   1.25943e+01   1.39500e+02
           358   1.39079e+02   3.58000e+02   2.52971e+01   1.25939e+01   1.39667e+02
           359   1.39244e+02   3.59000e+02   2.53324e+01   1.25935e+01   1.39833e+02
           360   1.39423e+02   3.60000e+02   2.53687e+01   1.25929e+01   1.40000e+02
           361   1.39598e+02   3.61000e+02   2.54062e+01   1.25925e+01   1.40167e+02
           362   1.39768e+02   3.62000e+02   2.54441e+01   1.25922e+01   1.40333e+02
           363   1.39938e+02   3.63000e+02   2.54816e+01   1.25919e+01   1.40500e+02
           364   1.40111e+02   3.64000e+02   2.55167e+01   1.25917e+01   1.40667e+02
           365   1.40290e+02   3.65000e+02   2.55528e+01   1.25916e+01   1.40833e+02
           366   1.40452e+02   3.66000e+02   2.55898e+01   1.25915e+01   1.41000e+02
           367   1.40621e+02   3.67000e+02   2.56274e+01   1.25915e+01   1.41167e+02
           368   1.40785e+02   3.68000e+02   2.56672e+01   1.25918e+01   1.41333e+02
           369   1.40968e+02   3.69000e+02   2.57053e+01   1.25921e+01   1.41500e+02
           370   1.41129e+02   3.70000e+02   2.57425e+01   1.25925e+01   1.41667e+02
           371   1.41302e+02   3.71000e+02   2.57793e+01   1.25929e+01   1.41833e+02
           372   1.41464e+02   3.72000e+02   2.58155e+01   1.25937e+01   1.42000e+02
           373   1.41638e+02   3.73000e+02   2.58528e+01   1.25943e+01   1.42167e+02
           374   1.41809e+02   3.74000e+02   2.58904e+01   1.25950e+01   1.42333e+02
           375   1.41998e+02   3.75000e+02   2.59282e+01   1.25957e+01   1.42500e+02
           376   1.42154e+02   3.76000e+02   2.59654e+01   1.25965e+01   1.42667e+02
           377   1.42326e+02   3.77000e+02   2.60029e+01   1.25971e+01   1.42833e+02
           378   1.42494e+02   3.78000e+02   2.60413e+01   1.25977e+01   1.43000e+02
           379   1.42671e+02   3.79000e+02   2.60804e+01   1.25982e+01   1.43167e+02
           380   1.42835e+02   3.80000e+02   2.61164e+01   1.25984e+01   1.43333e+02
           381   1.43006e+02   3.81000e+02   2.61539e+01   1.25987e+01   1.43500e+02
           382   1.43167e+02   3.82000e+02   2.61918e+01   1.25989e+01   1.43667e+02
           383   1.43341e+02   3.83000e+02   2.62296e+01   1.25991e+01   1.43833e+02
           384   1.43515e+02   3.84000e+02   2.62681e+01   1.25989e+01   1.44000e+02
           385   1.43690e+02   3.85000e+02   2.63056e+01   1.25988e+01   1.44167e+02
           386   1.43870e+02   3.86000e+02   2.63435e+01   1.25987e+01   1.44333e+02
           387   1.44039e+02   3.87000e+02   2.63821e+01   1.25985e+01   1.44500e+02
           388   1.44204e+02   3.88000e+02   2.64210e+01   1.25982e+01   1.44667e+02
           389   1.44379e+02   3.89000e+02   2.64585e+01   1.25978e+01   1.44833e+02
           390   1.44555e+02   3.90000e+02   2.64954e+01   1.25975e+01   1.45000e+02
           391   1.44728e+02   3.91000e+02   2.65329e+01   1.25973e+01   1.45167e+02
           392   1.44897e+02   3.92000e+02   2.65673e+01   1.25970e+01   1.45333e+02
           393   1.45067e+02   3.93000e+02   2.66035e+01   1.25968e+01   1.45500e+02
           394   1.45228e+02   3.94000e+02   2.66403e+01   1.25966e+01   1.45667e+02
           395   1.45406e+02   3.95000e+02   2.66773e+01   1.25964e+01   1.45833e+02
           396   1.45576e+02   3.96000e+02   2.67122e+01   1.25964e+01   1.46000e+02
           397   1.45751e+02   3.97000e+02   2.67483e+01   1.25964e+01   1.46167e+02
           398   1.45922e+02   3.98000e+02   2.67850e+01   1.25964e+01   1.46333e+02
           399   1.46102e+02   3.99000e+02   2.68222e+01   1.25964e+01   1.46500e+02
           400   1.46270e+02   4.00000e+02   2.68581e+01   1.25966e+01   1.46667e+02
           401   1.46436e+02   4.01000e+02   2.68955e+01   1.25969e+01   1.46833e+02
           402   1.46611e+02   4.02000e+02   2.69331e+01   1.25972e+01   1.47000e+02
           403   1.46776e+02   4.03000e+02   2.69704e+01   1.25975e+01   1.47167e+02
           404   1.46943e+02   4.04000e+02   2.70075e+01   1.25982e+01   1.47333e+02
           405   1.47119e+02   4.05000e+02   2.70425e+01   1.25987e+01   1.47500e+02
           406   1.47294e+02   4.06000e+02   2.70789e+01   1.25993e+01   1.47667e+02
           407   1.47462e+02   4.07000e+02   2.71158e+01   1.25998e+01   1.47833e+02
           408   1.47640e+02   4.08000e+02   2.71536e+01   1.26005e+01   1.48000e+02
           409   1.47809e+02   4.09000e+02   2.71908e+01   1.26011e+01   1.48167e+02
           410   1.47978e+02   4.10000e+02   2.72291e+01   1.26017e+01   1.48333e+02
           411   1.48152e+02   4.11000e+02   2.72671e+01   1.26023e+01   1.48500e+02
           412   1.48321e+02   4.12000e+02   2.73043e+01   1.26029e+01   1.48667e+02
           413   1.48491e+02   4.13000e+02   2.73435e+01   1.26036e+01   1.48833e+02
           414   1.48659e+02   4.14000e+02   2.73828e+01   1.26042e+01   1.49000e+02
           415   1.48828e+02   4.15000e+02   2.74228e+01   1.26049e+01   1.49167e+02
           416   1.49001e+02   4.16000e+02   2.74651e+01   1.26055e+01   1.49333e+02
           417   1.49166e+02   4.17000e+02   2.75047e+01   1.26061e+01   1.49500e+02
           418   1.49351e+02   4.18000e+02   2.75418e+01   1.26066e+01   1.49667e+02
           419   1.49521e+02   4.19000e+02   2.75789e+01   1.26071e+01   1.49833e+02
           420   1.49693e+02   4.20000e+02   2.76172e+01   1.26074e+01   1.50000e+02
           421   1.49859e+02   4.21000e+02   2.76539e+01   1.26076e+01   1.50167e+02
           422   1.50032e+02   4.22000e+02   2.76911e+01   1.26079e+01   1.50333e+02
           423   1.50199e+02   4.23000e+02   2.77293e+01   1.26081e+01   1.50500e+02
           424   1.50362e+02   4.24000e+02   2.77638e+01   1.26081e+01   1.50667e+02
           425   1.50538e+02   4.25000e+02   2.78015e+01   1.26081e+01   1.50833e+02
           426   1.50706e+02   4.26000e+02   2.78398e+01   1.26082e+01   1.51000e+02
           427   1.50872e+02   4.27000e+02   2.78785e+01   1.26082e+01   1.51167e+02
           428   1.51041e+02   4.28000e+02   2.79152e+01   1.26081e+01   1.51333e+02
           429   1.51221e+02   4.29000e+02   2.79532e+01   1.26080e+01   1.51500e+02
           430   1.51387e+02   4.30000e+02   2.79917e+01   1.26079e+01   1.51667e+02
           431   1.51558e+02   4.31000e+02   2.80294e+01   1.26078e+01   1.51833e+02
           432   1.51728e+02   4.32000e+02   2.80724e+01   1.26076e+01   1.52000e+02
           433   1.51901e+02   4.33000e+02   2.81112e+01   1.26075e+01   1.52167e+02
           434   1.52071e+02   4.34000e+02   2.81498e+01   1.26073e+01   1.52333e+02
           435   1.52239e+02   4.35000e+02   2.81878e+01   1.26072e+01   1.52500e+02
           436   1.52414e+02   4.36000e+02   2.82275e+01   1.26070e+01   1.52667e+02
           437   1.52581e+02   4.37000e+02   2.82671e+01   1.26069e+01   1.52833e+02
           438   1.52750e+02   4.38000e+02   2.83068e+01   1.26067e+01   1.53000e+02
           439   1.52923e+02   4.39000e+02   2.83451e+01   1.26066e+01   1.53167e+02
           440   1.53096e+02   4.40000e+02   2.83807e+01   1.26065e+01   1.53333e+02
           441   1.53271e+02   4.41000e+02   2.84164e+01   1.26064e+01   1.53500e+02
           442   1.53435e+02   4.42000e+02   2.84525e+01   1.26063e+01   1.53667e+02
           443   1.53597e+02   4.43000e+02   2.84910e+01   1.26063e+01   1.53833e+02
           444   1.53782e+02   4.44000e+02   2.85298e+01   1.26063e+01   1.54000e+02
           445   1.53950e+02   4.45000e+02   2.85677e+01   1.26063e+01   1.54167e+02
           446   1.54122e+02   4.46000e+02   2.86050e+01   1.26063e+01   1.54333e+02
           447   1.54291e+02   4.47000e+02   2.86423e+01   1.26063e+01   1.54500e+02
           448   1.54454e+02   4.48000e+02   2.86734e+01   1.26063e+01   1.54667e+02
           449   1.54624e+02   4.49000e+02   2.87082e+01   1.26063e+01   1.54833e+02
           450   1.54790e+02   4.50000e+02   2.87387e+01   1.26063e+01   1.55000e+02
           451   1.54958e+02   4.51000e+02   2.87602e+01   1.26062e+01   1.55167e+02
           452   1.55127e+02   4.52000e+02   2.87967e+01   1.26063e+01   1.55333e+02
           453   1.55296e+02   4.53000e+02   2.88374e+01   1.26062e+01   1.55500e+02
           454   1.55477e+02   4.54000e+02   2.88871e+01   1.26063e+01   1.55667e+02
           455   1.55646e+02   4.55000e+02   2.89285e+01   1.26063e+01   1.55833e+02
           456   1.55806e+02   4.56000e+02   2.89574e+01   1.26064e+01   1.56000e+02
           457   1.55988e+02   4.57000e+02   2.89897e+01   1.26065e+01   1.56167e+02
           458   1.56163e+02   4.58000e+02   2.90181e+01   1.26066e+01   1.56333e+02
           459   1.56330e+02   4.59000e+02   2.90469e+01   1.26067e+01   1.56500e+02
           460   1.56492e+02   4.60000e+02   2.86375e+01   1.26069e+01   1.56667e+02
           461   1.56651e+02   4.61000e+02   2.79056e+01   1.26070e+01   1.56833e+02
           462   1.56795e+02   4.62000e+02   2.68907e+01   1.26071e+01   1.57000e+02
           463   1.56951e+02   4.63000e+02   2.57820e+01   1.26072e+01   1.57167e+02
           464   1.57089e+02   4.64000e+02   2.41824e+01   1.26073e+01   1.57333e+02
           465   1.57225e+02   4.65000e+02   2.24850e+01   1.26074e+01   1.57500e+02
           466   1.57372e+02   4.66000e+02   2.06595e+01   1.26076e+01   1.57667e+02
           467   1.57491e+02   4.67000e+02   1.87557e+01   1.26078e+01   1.57833e+02
           468   1.57635e+02   4.68000e+02   1.68155e+01   1.26082e+01   1.58000e+02
           469   1.57770e+02   4.69000e+02   1.50167e+01   1.26085e+01   1.58167e+02
           470   1.57918e+02   4.70000e+02   1.39147e+01   1.26088e+01   1.58333e+02
           471   1.58095e+02   4.71000e+02   1.36627e+01   1.26092e+01   1.58500e+02
           472   1.58276e+02   4.72000e+02   1.44557e+01   1.26096e+01   1.58667e+02
           473   1.58456e+02   4.73000e+02   1.52584e+01   1.26100e+01   1.58833e+02
           474   1.58635e+02   4.74000e+02   1.60596e+01   1.26103e+01   1.59000e+02
           475   1.58814e+02   4.75000e+02   1.68521e+01   1.26106e+01   1.59167e+02
           476   1.58993e+02   4.76000e+02   1.76201e+01   1.26108e+01   1.59333e+02
           477   1.59164e+02   4.77000e+02   1.84079e+01   1.26111e+01   1.59500e+02
           478   1.59354e+02   4.78000e+02   1.91635e+01   1.26114e+01   1.59667e+02
           479   1.59528e+02   4.79000e+02   1.98993e+01   1.26116e+01   1.59833e+02
           480   1.59697e+02   4.80000e+02   2.05873e+01   1.26119e+01   1.60000e+02
           481   1.59879e+02   4.81000e+02   2.12396e+01   1.26121e+01   1.60167e+02
           482   1.60047e+02   4.82000e+02   2.18471e+01   1.26124e+01   1.60333e+02
           483   1.60228e+02   4.83000e+02   2.24469e+01   1.26126e+01   1.60500e+02
           484   1.60408e+02   4.84000e+02   2.29970e+01   1.26129e+01   1.60667e+02
           485   1.60581e+02   4.85000e+02   2.35153e+01   1.26132e+01   1.60833e+02
           486   1.60755e+02   4.86000e+02   2.39929e+01   1.26135e+01   1.61000e+02
           487   1.60932e+02   4.87000e+02   2.44584e+01   1.26138e+01   1.61167e+02
           488   1.61094e+02   4.88000e+02   2.48750e+01   1.26143e+01   1.61333e+02
           489   1.61276e+02   4.89000e+02   2.52643e+01   1.26148e+01   1.61500e+02
           490   1.61448e+02   4.90000e+02   2.56455e+01   1.26153e+01   1.61667e+02
           491   1.61627e+02   4.91000e+02   2.60088e+01   1.26158e+01   1.61833e+02
           492   1.61797e+02   4.92000e+02   2.63171e+01   1.26164e+01   1.62000e+02
           493   1.61973e+02   4.93000e+02   2.66193e+01   1.26169e+01   1.62167e+02
           494   1.62149e+02   4.94000e+02   2.68971e+01   1.26174e+01   1.62333e+02
           495   1.62314e+02   4.95000e+02   2.71724e+01   1.26179e+01   1.62500e+02
           496   1.62496e+02   4.96000e+02   2.73929e+01   1.26182e+01   1.62667e+02
           497   1.62663e+02   4.97000e+02   2.76311e+01   1.26185e+01   1.62833e+02
           498   1.62842e+02   4.98000e+02   2.78654e+01   1.26189e+01   1.63000e+02
           499   1.63015e+02   4.99000e+02   2.80942e+01   1.26192e+01   1.63167e+02
           500   1.63191e+02   5.00000e+02   2.82752e+01   1.26196e+01   1.63333e+02
           501   1.63366e+02   5.01000e+02   2.84797e+01   1.26199e+01   1.63500e+02
           502   1.63538e+02   5.02000e+02   2.86778e+01   1.26202e+01   1.63667e+02
           503   1.63717e+02   5.03000e+02   2.88812e+01   1.26205e+01   1.63833e+02
           504   1.63889e+02   5.04000e+02   2.90033e+01   1.26208e+01   1.64000e+02
           505   1.64055e+02   5.05000e+02   2.91634e+01   1.26211e+01   1.64167e+02
           506   1.64225e+02   5.06000e+02   2.93158e+01   1.26213e+01   1.64333e+02
           507   1.64395e+02   5.07000e+02   2.94615e+01   1.26216e+01   1.64500e+02
           508   1.64583e+02   5.08000e+02   2.95505e+01   1.26219e+01   1.64667e+02
           509   1.64755e+02   5.09000e+02   2.96641e+01   1.26221e+01   1.64833e+02
           510   1.64927e+02   5.10000e+02   2.97862e+01   1.26224e+01   1.65000e+02
           511   1.65094e+02   5.11000e+02   2.99074e+01   1.26226e+01   1.65167e+02
           512   1.65267e+02   5.12000e+02   2.99973e+01   1.26228e+01   1.65333e+02
           513   1.65439e+02   5.13000e+02   3.01017e+01   1.26229e+01   1.65500e+02
           514   1.65607e+02   5.14000e+02   3.02066e+01   1.26230e+01   1.65667e+02
           515   1.65770e+02   5.15000e+02   3.03092e+01   1.26231e+01   1.65833e+02
           516   1.65942e+02   5.16000e+02   3.03933e+01   1.26231e+01   1.66000e+02
           517   1.66117e+02   5.17000e+02   3.04841e+01   1.26232e+01   1.66167e+02
           518   1.66291e+02   5.18000e+02   3.05749e+01   1.26232e+01   1.66333e+02
           519   1.66466e+02   5.19000e+02   3.06639e+01   1.26232e+01   1.66500e+02
           520   1.66636e+02   5.20000e+02   3.07353e+01   1.26232e+01   1.66667e+02
           521   1.66815e+02   5.21000e+02   3.08147e+01   1.26231e+01   1.66833e+02
           522   1.66981e+02   5.22000e+02   3.08936e+01   1.26230e+01   1.67000e+02
           523   1.67159e+02   5.23000e+02   3.09717e+01   1.26229e+01   1.67167e+02
           524   1.67330e+02   5.24000e+02   3.10345e+01   1.26227e+01   1.67333e+02
           525   1.67497e+02   5.25000e+02   3.11046e+01   1.26225e+01   1.67500e+02
           526   1.67666e+02   5.26000e+02   3.11757e+01   1.26223e+01   1.67667e+02
           527   1.67841e+02   5.27000e+02   3.12452e+01   1.26221e+01   1.67833e+02
           528   1.68005e+02   5.28000e+02   3.13033e+01   1.26219e+01   1.68000e+02
           529   1.68182e+02   5.29000e+02   3.13660e+01   1.26217e+01   1.68167e+02
           530   1.68353e+02   5.30000e+02   3.14294e+01   1.26216e+01   1.68333e+02
           531   1.68523e+02   5.31000e+02   3.14928e+01   1.26215e+01   1.68500e+02
           532   1.68689e+02   5.32000e+02   3.15451e+01   1.26214e+01   1.68667e+02
           533   1.68865e+02   5.33000e+02   3.16015e+01   1.26213e+01   1.68833e+02
           534   1.69044e+02   5.34000e+02   3.16584e+01   1.26212e+01   1.69000e+02
           535   1.69205e+02   5.35000e+02   3.17161e+01   1.26210e+01   1.69167e+02
           536   1.69373e+02   5.36000e+02   3.17641e+01   1.26209e+01   1.69333e+02
           537   1.69552e+02   5.37000e+02   3.18160e+01   1.26207e+01   1.69500e+02
           538   1.69722e+02   5.38000e+02   3.18682e+01   1.26206e+01   1.69667e+02
           539   1.69902e+02   5.39000e+02   3.19209e+01   1.26205e+01   1.69833e+02
           540   1.70061e+02   5.40000e+02   3.19705e+01   1.26204e+01   1.70000e+02
           541   1.70225e+02   5.41000e+02   3.20195e+01   1.26204e+01   1.70167e+02
           542   1.70405e+02   5.42000e+02   3.20668e+01   1.26203e+01   1.70333e+02
           543   1.70582e+02   5.43000e+02   3.21136e+01   1.26203e+01   1.70500e+02
           544   1.70754e+02   5.44000e+02   3.21579e+01   1.26203e+01   1.70667e+02
           545   1.70919e+02   5.45000e+02   3.22035e+01   1.26204e+01   1.70833e+02
           546   1.71085e+02   5.46000e+02   3.22496e+01   1.26205e+01   1.71000e+02
           547   1.71255e+02   5.47000e+02   3.22947e+01   1.26207e+01   1.71167e+02
           548   1.71432e+02   5.48000e+02   3.23345e+01   1.26211e+01   1.71333e+02
           549   1.71604e+02   5.49000e+02   3.23760e+01   1.26215e+01   1.71500e+02
           550   1.71764e+02   5.50000e+02   3.24168e+01   1.26220e+01   1.71667e+02
           551   1.71936e+02   5.51000e+02   3.24581e+01   1.26225e+01   1.71833e+02
           552   1.72107e+02   5.52000e+02   3.24953e+01   1.26232e+01   1.72000e+02
           553   1.72278e+02   5.53000e+02   3.25342e+01   1.26239e+01   1.72167e+02
           554   1.72446e+02   5.54000e+02   3.25737e+01   1.26245e+01   1.72333e+02
           555   1.72616e+02   5.55000e+02   3.26125e+01   1.26252e+01   1.72500e+02
           556   1.72783e+02   5.56000e+02   3.26480e+01   1.26260e+01   1.72667e+02
           557   1.72963e+02   5.57000e+02   3.26844e+01   1.26267e+01   1.72833e+02
           558   1.73130e+02   5.58000e+02   3.27220e+01   1.26275e+01   1.73000e+02
           559   1.73305e+02   5.59000e+02   3.27599e+01   1.26283e+01   1.73167e+02
           560   1.73482e+02   5.60000e+02   3.27973e+01   1.26290e+01   1.73333e+02
           561   1.73651e+02   5.61000e+02   3.28342e+01   1.26297e+01   1.73500e+02
           562   1.73818e+02   5.62000e+02   3.28705e+01   1.26303e+01   1.73667e+02
           563   1.73993e+02   5.63000e+02   3.29076e+01   1.26309e+01   1.73833e+02
           564   1.74162e+02   5.64000e+02   3.29420e+01   1.26312e+01   1.74000e+02
           565   1.74333e+02   5.65000e+02   3.29778e+01   1.26314e+01   1.74167e+02
           566   1.74504e+02   5.66000e+02   3.30139e+01   1.26315e+01   1.74333e+02
           567   1.74673e+02   5.67000e+02   3.30501e+01   1.26315e+01   1.74500e+02
           568   1.74840e+02   5.68000e+02   3.30873e+01   1.26311e+01   1.74667e+02
           569   1.75016e+02   5.69000e+02   3.31238e+01   1.26308e+01   1.74833e+02
           570   1.75188e+02   5.70000e+02   3.31607e+01   1.26304e+01   1.75000e+02
           571   1.75364e+02   5.71000e+02   3.31971e+01   1.26300e+01   1.75167e+02
           572   1.75530e+02   5.72000e+02   3.32331e+01   1.26294e+01   1.75333e+02
           573   1.75701e+02   5.73000e+02   3.32700e+01   1.26289e+01   1.75500e+02
           574   1.75868e+02   5.74000e+02   3.33064e+01   1.26285e+01   1.75667e+02
           575   1.76044e+02   5.75000e+02   3.33414e+01   1.26281e+01   1.75833e+02
           576   1.76211e+02   5.76000e+02   3.33775e+01   1.26279e+01   1.76000e+02
           577   1.76383e+02   5.77000e+02   3.34138e+01   1.26277e+01   1.76167e+02
           578   1.76550e+02   5.78000e+02   3.34496e+01   1.26276e+01   1.76333e+02
           579   1.76730e+02   5.79000e+02   3.34866e+01   1.26276e+01   1.76500e+02
           580   1.76898e+02   5.80000e+02   3.35229e+01   1.26279e+01   1.76667e+02
           581   1.77065e+02   5.81000e+02   3.35580e+01   1.26282e+01   1.76833e+02
           582   1.77239e+02   5.82000e+02   3.35922e+01   1.26286e+01   1.77000e+02
           583   1.77413e+02   5.83000e+02   3.36270e+01   1.26291e+01   1.77167e+02
           584   1.77579e+02   5.84000e+02   3.36602e+01   1.26300e+01   1.77333e+02
           585   1.77747e+02   5.85000e+02   3.36947e+01   1.26307e+01   1.77500e+02
           586   1.77921e+02   5.86000e+02   3.37296e+01   1.26315e+01   1.77667e+02
           587   1.78092e+02   5.87000e+02   3.37639e+01   1.26323e+01   1.77833e+02
           588   1.78266e+02   5.88000e+02   3.37986e+01   1.26331e+01   1.78000e+02
           589   1.78438e+02   5.89000e+02   3.38339e+01   1.26338e+01   1.78167e+02
           590   1.78601e+02   5.90000e+02   3.38682e+01   1.26344e+01   1.78333e+02
           591   1.78773e+02   5.91000e+02   3.39021e+01   1.26350e+01   1.78500e+02
           592   1.78936e+02   5.92000e+02   3.39367e+01   1.26352e+01   1.78667e+02
           593   1.79116e+02   5.93000e+02   3.39716e+01   1.26353e+01   1.78833e+02
           594   1.79286e+02   5.94000e+02   3.40067e+01   1.26353e+01   1.79000e+02
           595   1.79457e+02   5.95000e+02   3.40418e+01   1.26352e+01   1.79167e+02
           596   1.79621e+02   5.96000e+02   3.40753e+01   1.26345e+01   1.79333e+02
           597   1.79796e+02   5.97000e+02   3.41082e+01   1.26340e+01   1.79500e+02
           598   1.79963e+02   5.98000e+02   3.41412e+01   1.26335e+01   1.79667e+02
           599   1.80136e+02   5.99000e+02   3.41749e+01   1.26330e+01   1.79833e+02
           600   1.80303e+02   6.00000e+02   3.42105e+01   1.26323e+01   1.80000e+02
           601   1.80471e+02   6.01000e+02   3.42447e+01   1.26318e+01   1.80167e+02
           602   1.80646e+02   6.02000e+02   3.42775e+01   1.26314e+01   1.80333e+02
           603   1.80813e+02   6.03000e+02   3.43108e+01   1.26311e+01   1.80500e+02
           604   1.80979e+02   6.04000e+02   3.43426e+01   1.26312e+01   1.80667e+02
           605   1.81153e+02   6.05000e+02   3.43761e+01   1.26313e+01   1.80833e+02
           606   1.81324e+02   6.06000e+02   3.44103e+01   1.26316e+01   1.81000e+02
           607   1.81491e+02   6.07000e+02   3.44443e+01   1.26320e+01   1.81167e+02
           608   1.81661e+02   6.08000e+02   3.44768e+01   1.26329e+01   1.81333e+02
           609   1.81836e+02   6.09000e+02   3.45095e+01   1.26337e+01   1.81500e+02
           610   1.82001e+02   6.10000e+02   3.45419e+01   1.26345e+01   1.81667e+02
           611   1.82178e+02   6.11000e+02   3.45743e+01   1.26353e+01   1.81833e+02
           612   1.82356e+02   6.12000e+02   3.46064e+01   1.26362e+01   1.82000e+02
           613   1.82515e+02   6.13000e+02   3.46396e+01   1.26370e+01   1.82167e+02
           614   1.82681e+02   6.14000e+02   3.46737e+01   1.26376e+01   1.82333e+02
           615   1.82860e+02   6.15000e+02   3.47081e+01   1.26381e+01   1.82500e+02
           616   1.83028e+02   6.16000e+02   3.47406e+01   1.26383e+01   1.82667e+02
           617   1.83199e+02   6.17000e+02   3.47745e+01   1.26385e+01   1.82833e+02
           618   1.83366e+02   6.18000e+02   3.48088e+01   1.26385e+01   1.83000e+02
           619   1.83529e+02   6.19000e+02   3.48415e+01   1.26385e+01   1.83167e+02
           620   1.83708e+02   6.20000e+02   3.48763e+01   1.26380e+01   1.83333e+02
           621   1.83873e+02   6.21000e+02   3.49102e+01   1.26376e+01   1.83500e+02
           622   1.84055e+02   6.22000e+02   3.49445e+01   1.26373e+01   1.83667e+02
           623   1.84219e+02   6.23000e+02   3.49790e+01   1.26369e+01   1.83833e+02
           624   1.84390e+02   6.24000e+02   3.50138e+01   1.26364e+01   1.84000e+02
           625   1.84561e+02   6.25000e+02   3.50490e+01   1.26361e+01   1.84167e+02
           626   1.84734e+02   6.26000e+02   3.50832e+01   1.26359e+01   1.84333e+02
           627   1.84902e+02   6.27000e+02   3.51178e+01   1.26357e+01   1.84500e+02
           628   1.85077e+02   6.28000e+02   3.51488e+01   1.26359e+01   1.84667e+02
           629   1.85239e+02   6.29000e+02   3.51806e+01   1.26362e+01   1.84833e+02
           630   1.85414e+02   6.30000e+02   3.52124e+01   1.26365e+01   1.85000e+02
           631   1.85581e+02   6.31000e+02   3.52444e+01   1.26370e+01   1.85167e+02
           632   1.85758e+02   6.32000e+02   3.52791e+01   1.26379e+01   1.85333e+02
           633   1.85928e+02   6.33000e+02   3.53117e+01   1.26386e+01   1.85500e+02
           634   1.86096e+02   6.34000e+02   3.53445e+01   1.26394e+01   1.85667e+02
           635   1.86261e+02   6.35000e+02   3.53780e+01   1.26401e+01   1.85833e+02
           636   1.86431e+02   6.36000e+02   3.54101e+01   1.26408e+01   1.86000e+02
           637   1.86603e+02   6.37000e+02   3.54445e+01   1.26414e+01   1.86167e+02
           638   1.86780e+02   6.38000e+02   3.54782e+01   1.26418e+01   1.86333e+02
           639   1.86937e+02   6.39000e+02   3.55105e+01   1.26420e+01   1.86500e+02
           640   1.87110e+02   6.40000e+02   3.55454e+01   1.26418e+01   1.86667e+02
           641   1.87282e+02   6.41000e+02   3.55797e+01   1.26416e+01   1.86833e+02
           642   1.87451e+02   6.42000e+02   3.56134e+01   1.26414e+01   1.87000e+02
           643   1.87622e+02   6.43000e+02   3.56463e+01   1.26411e+01   1.87167e+02
           644   1.87795e+02   6.44000e+02   3.56827e+01   1.26405e+01   1.87333e+02
           645   1.87981e+02   6.45000e+02   3.57164e+01   1.26402e+01   1.87500e+02
           646   1.88147e+02   6.46000e+02   3.57492e+01   1.26399e+01   1.87667e+02
           647   1.88303e+02   6.47000e+02   3.57827e+01   1.26398e+01   1.87833e+02
           648   1.88476e+02   6.48000e+02   3.58113e+01   1.26399e+01   1.88000e+02
           649   1.88648e+02   6.49000e+02   3.58432e+01   1.26402e+01   1.88167e+02
           650   1.88820e+02   6.50000e+02   3.58762e+01   1.26405e+01   1.88333e+02
           651   1.88984e+02   6.51000e+02   3.59094e+01   1.26409e+01   1.88500e+02
           652   1.89154e+02   6.52000e+02   3.59412e+01   1.26417e+01   1.88667e+02
           653   1.89326e+02   6.53000e+02   3.59741e+01   1.26424e+01   1.88833e+02
           654   1.89498e+02   6.54000e+02   3.60071e+01   1.26429e+01   1.89000e+02
           655   1.89666e+02   6.55000e+02   3.60399e+01   1.26435e+01   1.89167e+02
           656   1.89835e+02   6.56000e+02   3.60757e+01   1.26439e+01   1.89333e+02
           657   1.90003e+02   6.57000e+02   3.61097e+01   1.26442e+01   1.89500e+02
           658   1.90181e+02   6.58000e+02   3.61441e+01   1.26444e+01   1.89667e+02
           659   1.90350e+02   6.59000e+02   3.61786e+01   1.26444e+01   1.89833e+02
           660   1.90518e+02   6.60000e+02   3.62142e+01   1.26439e+01   1.90000e+02
           661   1.90686e+02   6.61000e+02   3.62484e+01   1.26436e+01   1.90167e+02
           662   1.90859e+02   6.62000e+02   3.62811e+01   1.26432e+01   1.90333e+02
           663   1.91023e+02   6.63000e+02   3.63131e+01   1.26429e+01   1.90500e+02
           664   1.91192e+02   6.64000e+02   3.63485e+01   1.26425e+01   1.90667e+02
           665   1.91362e+02   6.65000e+02   3.63832e+01   1.26423e+01   1.90833e+02
           666   1.91530e+02   6.66000e+02   3.64173e+01   1.26423e+01   1.91000e+02
           667   1.91700e+02   6.67000e+02   3.64510e+01   1.26424e+01   1.91167e+02
           668   1.91876e+02   6.68000e+02   3.64839e+01   1.26430e+01   1.91333e+02
           669   1.92046e+02   6.69000e+02   3.65167e+01   1.26436e+01   1.91500e+02
           670   1.92216e+02   6.70000e+02   3.65486e+01   1.26441e+01   1.91667e+02
           671   1.92386e+02   6.71000e+02   3.65810e+01   1.26447e+01   1.91833e+02
           672   1.92561e+02   6.72000e+02   3.66115e+01   1.26456e+01   1.92000e+02
           673   1.92721e+02   6.73000e+02   3.66436e+01   1.26462e+01   1.92167e+02
           674   1.92887e+02   6.74000e+02   3.66764e+01   1.26466e+01   1.92333e+02
           675   1.93064e+02   6.75000e+02   3.67083e+01   1.26469e+01   1.92500e+02
           676   1.93238e+02   6.76000e+02   3.67394e+01   1.26468e+01   1.92667e+02
           677   1.93401e+02   6.77000e+02   3.67718e+01   1.26467e+01   1.92833e+02
           678   1.93578e+02   6.78000e+02   3.68039e+01   1.26465e+01   1.93000e+02
           679   1.93752e+02   6.79000e+02   3.68353e+01   1.26462e+01   1.93167e+02
           680   1.93916e+02   6.80000e+02   3.68683e+01   1.26457e+01   1.93333e+02
           681   1.94087e+02   6.81000e+02   3.69018e+01   1.26453e+01   1.93500e+02
           682   1.94256e+02   6.82000e+02   3.69359e+01   1.26452e+01   1.93667e+02
           683   1.94416e+02   6.83000e+02   3.69698e+01   1.26451e+01   1.93833e+02
           684   1.94590e+02   6.84000e+02   3.70034e+01   1.26454e+01   1.94000e+02
           685   1.94760e+02   6.85000e+02   3.70366e+01   1.26458e+01   1.94167e+02
           686   1.94932e+02   6.86000e+02   3.70701e+01   1.26463e+01   1.94333e+02
           687   1.95097e+02   6.87000e+02   3.71026e+01   1.26469e+01   1.94500e+02
           688   1.95270e+02   6.88000e+02   3.71355e+01   1.26479e+01   1.94667e+02
           689   1.95441e+02   6.89000e+02   3.71670e+01   1.26486e+01   1.94833e+02
           690   1.95612e+02   6.90000e+02   3.71995e+01   1.26492e+01   1.95000e+02
           691   1.95778e+02   6.91000e+02   3.72325e+01   1.26498e+01   1.95167e+02
           692   1.95949e+02   6.92000e+02   3.72641e+01   1.26499e+01   1.95333e+02
           693   1.96115e+02   6.93000e+02   3.72959e+01   1.26500e+01   1.95500e+02
           694   1.96287e+02   6.94000e+02   3.73274e+01   1.26500e+01   1.95667e+02
           695   1.96454e+02   6.95000e+02   3.73591e+01   1.26498e+01   1.95833e+02
           696   1.96624e+02   6.96000e+02   3.73865e+01   1.26491e+01   1.96000e+02
           697   1.96788e+02   6.97000e+02   3.74166e+01   1.26488e+01   1.96167e+02
           698   1.96964e+02   6.98000e+02   3.74478e+01   1.26485e+01   1.96333e+02
           699   1.97128e+02   6.99000e+02   3.74796e+01   1.26483e+01   1.96500e+02
           700   1.97292e+02   7.00000e+02   3.75137e+01   1.26483e+01   1.96667e+02
           701   1.97468e+02   7.01000e+02   3.75454e+01   1.26484e+01   1.96833e+02
           702   1.97643e+02   7.02000e+02   3.75768e+01   1.26488e+01   1.97000e+02
           703   1.97804e+02   7.03000e+02   3.76087e+01   1.26492e+01   1.97167e+02
           704   1.97979e+02   7.04000e+02   3.76408e+01   1.26501e+01   1.97333e+02
           705   1.98150e+02   7.05000e+02   3.76728e+01   1.26507e+01   1.97500e+02
           706   1.98330e+02   7.06000e+02   3.77038e+01   1.26511e+01   1.97667e+02
           707   1.98501e+02   7.07000e+02   3.77352e+01   1.26515e+01   1.97833e+02
           708   1.98670e+02   7.08000e+02   3.77681e+01   1.26516e+01   1.98000e+02
           709   1.98835e+02   7.09000e+02   3.78007e+01   1.26516e+01   1.98167e+02
           710   1.98999e+02   7.10000e+02   3.78326e+01   1.26515e+01   1.98333e+02
           711   1.99161e+02   7.11000e+02   3.78630e+01   1.26513e+01   1.98500e+02
           712   1.99342e+02   7.12000e+02   3.78931e+01   1.26506e+01   1.98667e+02
           713   1.99505e+02   7.13000e+02   3.79230e+01   1.26503e+01   1.98833e+02
           714   1.99676e+02   7.14000e+02   3.79524e+01   1.26502e+01   1.99000e+02
           715   1.99846e+02   7.15000e+02   3.79811e+01   1.26501e+01   1.99167e+02
           716   2.00016e+02   7.16000e+02   3.80095e+01   1.26504e+01   1.99333e+02
           717   2.00190e+02   7.17000e+02   3.80398e+01   1.26507e+01   1.99500e+02
           718   2.00354e+02   7.18000e+02   3.80710e+01   1.26511e+01   1.99667e+02
           719   2.00526e+02   7.19000e+02   3.81027e+01   1.26516e+01   1.99833e+02
           720   2.00686e+02   7.20000e+02   3.81292e+01   1.26525e+01   2.00000e+02
           721   2.00862e+02   7.21000e+02   3.81569e+01   1.26531e+01   2.00167e+02
           722   2.01032e+02   7.22000e+02   3.81861e+01   1.26535e+01   2.00333e+02
           723   2.01193e+02   7.23000e+02   3.82154e+01   1.26539e+01   2.00500e+02
           724   2.01361e+02   7.24000e+02   3.82477e+01   1.26538e+01   2.00667e+02
           725   2.01524e+02   7.25000e+02   3.82792e+01   1.26538e+01   2.00833e+02
           726   2.01701e+02   7.26000e+02   3.83105e+01   1.26537e+01   2.01000e+02
           727   2.01876e+02   7.27000e+02   3.83410e+01   1.26536e+01   2.01167e+02
           728   2.02037e+02   7.28000e+02   3.83726e+01   1.26531e+01   2.01333e+02
           729   2.02208e+02   7.29000e+02   3.84034e+01   1.26529e+01   2.01500e+02
           730   2.02376e+02   7.30000e+02   3.84341e+01   1.26529e+01   2.01667e+02
           731   2.02549e+02   7.31000e+02   3.84651e+01   1.26530e+01   2.01833e+02
           732   2.02722e+02   7.32000e+02   3.84992e+01   1.26535e+01   2.02000e+02
           733   2.02891e+02   7.33000e+02   3.85314e+01   1.26539e+01   2.02167e+02
           734   2.03067e+02   7.34000e+02   3.85644e+01   1.26545e+01   2.02333e+02
           735   2.03230e+02   7.35000e+02   3.85982e+01   1.26550e+01   2.02500e+02
           736   2.03401e+02   7.36000e+02   3.86292e+01   1.26559e+01   2.02667e+02
           737   2.03567e+02   7.37000e+02   3.86605e+01   1.26565e+01   2.02833e+02
           738   2.03741e+02   7.38000e+02   3.86925e+01   1.26568e+01   2.03000e+02
           739   2.03910e+02   7.39000e+02   3.87252e+01   1.26571e+01   2.03167e+02
           740   2.04071e+02   7.40000e+02   3.87596e+01   1.26569e+01   2.03333e+02
           741   2.04244e+02   7.41000e+02   3.87930e+01   1.26567e+01   2.03500e+02
           742   2.04413e+02   7.42000e+02   3.88255e+01   1.26565e+01   2.03667e+02
           743   2.04588e+02   7.43000e+02   3.88579e+01   1.26562e+01   2.03833e+02
           744   2.04755e+02   7.44000e+02   3.88913e+01   1.26556e+01   2.04000e+02
           745   2.04931e+02   7.45000e+02   3.89244e+01   1.26554e+01   2.04167e+02
           746   2.05100e+02   7.46000e+02   3.89565e+01   1.26553e+01   2.04333e+02
           747   2.05272e+02   7.47000e+02   3.89877e+01   1.26554e+01   2.04500e+02
           748   2.05448e+02   7.48000e+02   3.90209e+01   1.26559e+01   2.04667e+02
           749   2.05611e+02   7.49000e+02   3.90535e+01   1.26564e+01   2.04833e+02
           750   2.05783e+02   7.50000e+02   3.90865e+01   1.26569e+01   2.05000e+02
           751   2.05950e+02   7.51000e+02   3.91191e+01   1.26575e+01   2.05167e+02
           752   2.06122e+02   7.52000e+02   3.91499e+01   1.26583e+01   2.05333e+02
           753   2.06288e+02   7.53000e+02   3.91811e+01   1.26588e+01   2.05500e+02
           754   2.06454e+02   7.54000e+02   3.92127e+01   1.26591e+01   2.05667e+02
           755   2.06616e+02   7.55000e+02   3.92449e+01   1.26593e+01   2.05833e+02
           756   2.06790e+02   7.56000e+02   3.92779e+01   1.26590e+01   2.06000e+02
           757   2.06961e+02   7.57000e+02   3.93111e+01   1.26588e+01   2.06167e+02
           758   2.07136e+02   7.58000e+02   3.93447e+01   1.26586e+01   2.06333e+02
           759   2.07302e+02   7.59000e+02   3.93779e+01   1.26583e+01   2.06500e+02
           760   2.07470e+02   7.60000e+02   3.94119e+01   1.26578e+01   2.06667e+02
           761   2.07640e+02   7.61000e+02   3.94446e+01   1.26577e+01   2.06833e+02
           762   2.07802e+02   7.62000e+02   3.94768e+01   1.26577e+01   2.07000e+02
           763   2.07977e+02   7.63000e+02   3.95085e+01   1.26578e+01   2.07167e+02
           764   2.08142e+02   7.64000e+02   3.95444e+01   1.26584e+01   2.07333e+02
           765   2.08314e+02   7.65000e+02   3.95780e+01   1.26589e+01   2.07500e+02
           766   2.08490e+02   7.66000e+02   3.96098e+01   1.26594e+01   2.07667e+02
           767   2.08657e+02   7.67000e+02   3.96413e+01   1.26600e+01   2.07833e+02
           768   2.08824e+02   7.68000e+02   3.96722e+01   1.26606e+01   2.08000e+02
           769   2.08983e+02   7.69000e+02   3.97051e+01   1.26609e+01   2.08167e+02
           770   2.09151e+02   7.70000e+02   3.97370e+01   1.26611e+01   2.08333e+02
           771   2.09321e+02   7.71000e+02   3.97695e+01   1.26612e+01   2.08500e+02
           772   2.09495e+02   7.72000e+02   3.98032e+01   1.26608e+01   2.08667e+02
           773   2.09667e+02   7.73000e+02   3.98362e+01   1.26606e+01   2.08833e+02
           774   2.09836e+02   7.74000e+02   3.98700e+01   1.26605e+01   2.09000e+02
           775   2.10010e+02   7.75000e+02   3.99037e+01   1.26604e+01   2.09167e+02
           776   2.10181e+02   7.76000e+02   3.99387e+01   1.26604e+01   2.09333e+02
           777   2.10350e+02   7.77000e+02   3.99725e+01   1.26607e+01   2.09500e+02
           778   2.10517e+02   7.78000e+02   4.00060e+01   1.26610e+01   2.09667e+02
           779   2.10684e+02   7.79000e+02   4.00398e+01   1.26615e+01   2.09833e+02
           780   2.10851e+02   7.80000e+02   4.00758e+01   1.26624e+01   2.10000e+02
           781   2.11019e+02   7.81000e+02   4.01105e+01   1.26630e+01   2.10167e+02
           782   2.11187e+02   7.82000e+02   4.01458e+01   1.26634e+01   2.10333e+02
           783   2.11363e+02   7.83000e+02   4.01814e+01   1.26638e+01   2.10500e+02
           784   2.11528e+02   7.84000e+02   4.02159e+01   1.26638e+01   2.10667e+02
           785   2.11697e+02   7.85000e+02   4.02498e+01   1.26637e+01   2.10833e+02
           786   2.11871e+02   7.86000e+02   4.02840e+01   1.26637e+01   2.11000e+02
           787   2.12038e+02   7.87000e+02   4.03182e+01   1.26635e+01   2.11167e+02
           788   2.12214e+02   7.88000e+02   4.03541e+01   1.26631e+01   2.11333e+02
           789   2.12376e+02   7.89000e+02   4.03889e+01   1.26630e+01   2.11500e+02
           790   2.12537e+02   7.90000e+02   4.04232e+01   1.26631e+01   2.11667e+02
           791   2.12711e+02   7.91000e+02   4.04566e+01   1.26632e+01   2.11833e+02
           792   2.12883e+02   7.92000e+02   4.04882e+01   1.26637e+01   2.12000e+02
           793   2.13047e+02   7.93000e+02   4.05203e+01   1.26640e+01   2.12167e+02
           794   2.13210e+02   7.94000e+02   4.05522e+01   1.26642e+01   2.12333e+02
           795   2.13383e+02   7.95000e+02   4.05834e+01   1.26644e+01   2.12500e+02
           796   2.13565e+02   7.96000e+02   4.06155e+01   1.26646e+01   2.12667e+02
           797   2.13730e+02   7.97000e+02   4.06487e+01   1.26646e+01   2.12833e+02
           798   2.13897e+02   7.98000e+02   4.06815e+01   1.26647e+01   2.13000e+02
           799   2.14060e+02   7.99000e+02   4.07140e+01   1.26647e+01   2.13167e+02
           800   2.14222e+02   8.00000e+02   4.07451e+01   1.26646e+01   2.13333e+02
           801   2.14392e+02   8.01000e+02   4.07784e+01   1.26648e+01   2.13500e+02
           802   2.14562e+02   8.02000e+02   4.08105e+01   1.26650e+01   2.13667e+02
           803   2.14732e+02   8.03000e+02   4.08413e+01   1.26654e+01   2.13833e+02
           804   2.14899e+02   8.04000e+02   4.08763e+01   1.26660e+01   2.14000e+02
           805   2.15072e+02   8.05000e+02   4.09095e+01   1.26664e+01   2.14167e+02
           806   2.15244e+02   8.06000e+02   4.09424e+01   1.26667e+01   2.14333e+02
           807   2.15413e+02   8.07000e+02   4.09744e+01   1.26669e+01   2.14500e+02
           808   2.15586e+02   8.08000e+02   4.10073e+01   1.26670e+01   2.14667e+02
           809   2.15754e+02   8.09000e+02   4.10390e+01   1.26669e+01   2.14833e+02
           810   2.15920e+02   8.10000e+02   4.10700e+01   1.26668e+01   2.15000e+02
           811   2.16088e+02   8.11000e+02   4.10996e+01   1.26667e+01   2.15167e+02
           812   2.16255e+02   8.12000e+02   4.11284e+01   1.26665e+01   2.15333e+02
           813   2.16431e+02   8.13000e+02   4.11590e+01   1.26665e+01   2.15500e+02
           814   2.16600e+02   8.14000e+02   4.11895e+01   1.26666e+01   2.15667e+02
           815   2.16766e+02   8.15000e+02   4.12202e+01   1.26669e+01   2.15833e+02
           816   2.16926e+02   8.16000e+02   4.12496e+01   1.26675e+01   2.16000e+02
           817   2.17090e+02   8.17000e+02   4.12794e+01   1.26678e+01   2.16167e+02
           818   2.17257e+02   8.18000e+02   4.13102e+01   1.26681e+01   2.16333e+02
           819   2.17431e+02   8.19000e+02   4.13408e+01   1.26683e+01   2.16500e+02
           820   2.17606e+02   8.20000e+02   4.13708e+01   1.26684e+01   2.16667e+02
           821   2.17766e+02   8.21000e+02   4.14020e+01   1.26685e+01   2.16833e+02
           822   2.17941e+02   8.22000e+02   4.14336e+01   1.26686e+01   2.17000e+02
           823   2.18110e+02   8.23000e+02   4.14656e+01   1.26686e+01   2.17167e+02
           824   2.18278e+02   8.24000e+02   4.14977e+01   1.26687e+01   2.17333e+02
           825   2.18445e+02   8.25000e+02   4.15282e+01   1.26688e+01   2.17500e+02
           826   2.18617e+02   8.26000e+02   4.15592e+01   1.26691e+01   2.17667e+02
           827   2.18782e+02   8.27000e+02   4.15899e+01   1.26694e+01   2.17833e+02
           828   2.18949e+02   8.28000e+02   4.16229e+01   1.26699e+01   2.18000e+02
           829   2.19119e+02   8.29000e+02   4.16543e+01   1.26702e+01   2.18167e+02
           830   2.19293e+02   8.30000e+02   4.16857e+01   1.26703e+01   2.18333e+02
           831   2.19456e+02   8.31000e+02   4.17165e+01   1.26704e+01   2.18500e+02
           832   2.19630e+02   8.32000e+02   4.17459e+01   1.26704e+01   2.18667e+02
           833   2.19792e+02   8.33000e+02   4.17736e+01   1.26703e+01   2.18833e+02
           834   2.19959e+02   8.34000e+02   4.17997e+01   1.26702e+01   2.19000e+02
           835   2.20130e+02   8.35000e+02   4.18242e+01   1.26701e+01   2.19167e+02
           836   2.20297e+02   8.36000e+02   4.18471e+01   1.26701e+01   2.19333e+02
           837   2.20464e+02   8.37000e+02   4.18683e+01   1.26700e+01   2.19500e+02
           838   2.20631e+02   8.38000e+02   4.18878e+01   1.26700e+01   2.19667e+02
           839   2.20797e+02   8.39000e+02   4.19050e+01   1.26700e+01   2.19833e+02
           840   2.20974e+02   8.40000e+02   4.19210e+01   1.26701e+01   2.20000e+02
Calib TGA/DSC Standard In, 17.09.2025 14:37:47
